199648
165508
153848
190441
142393
92071
199704
154052
158426
112172
199647
169602
149930
198050
186020
176895
185796
160305
178485
160304
131419
169600
198547
123312
154051
132209
191900
184945
163365
169706
186021
139731
121017
135539
147147
190247
193158
177196
147275
160329
199649
201247
165354
140059
168884
143821
202545
149188
204823
208823
209469
203457
213313
212244
195440
223030
216952
216928
159881
223401
176187
226505
219468
216852
161313
178583
228427
233128
229209
