79595
80837
106161
96703
93351
113847
113931
121017
117011
123312
127961
131419
132236
135326
135539
142068
147872
151730
154051
156004
160305
160304
161313
163060
69082
111697
146264
105154
158818
170897
171889
147636
165354
167474
171888
169601
142393
169600
170664
174639
134254
154052
112172
123555
143111
129083
136174
153848
160329
143821
176896
98974
140966
149188
123685
134253
139731
158426
177476
134819
157411
174290
159881
164295
153461
163365
176278
170679
178485
179721
165508
178467
147147
176187
180484
188967
176895
176916
190010
191609
177196
183830
185796
184220
179812
188225
192194
191900
197812
197797
186020
184476
185954
190247
192790
193822
165683
197117
197273
178583
198100
193158
194064
195440
205535
207312
207373
201247
210460
212245
198050
199647
203457
198733
199770
199702
166014
199666
207273
207372
212246
168623
216852
209469
213487
213588
204823
205534
211293
211294
219468
217829
213313
218761
223401
210934
212243
212244
216952
217015
222470
225132
226505
228689
230715
216855
215334
225264
216928
228749
229210
230869
73858
205786
232424
233314
