368300 10000520360 5000492575 2000545616 40000320966 5000311702 2000544606 2000426450 2000443824 38000516925 30000492511 10000219462 10000233149 2000365049 40000333808 20000268238 5000415375 5000358440 25000344075 20000517819 12000516603 12000344069 20000544095 37000486091 20000518934 35000490268 37000483794 35000344574 35000451943 37000449802 20000542830 25000292507 35000443647 35000323631 2000528436 10000551603 28000552215 30000510675 25000470996 22000554393 25000548857 22000548498 15000549618 20000449982 20000548762 17000444056 5000237456 2000515980 40000548485 42000449652 22000548673 35000551606 30000515937 12000519834 35000517233 22000332859 10000451868 4000424330 5000449956 8000397103 2000396842 2000292157 2000542829 5000516851 10000445523 2000425792 2000507478 55000550709 20000224658 2000375143 3000475805 3000359970 55000445742 12000515682 10000396525 2000344506 2000295301 2000271316 2000396725 2000542615 2000216160 2000532462 2000519444 2000319016 2000262370 2000222430 2000208944 2000217884 5000532137 2000544299 2000494278 2000443700 2000491428 15000443410 14000515560 10000245038 1000518822 25000515572 40000554062 35000528906 30000554030 30000483858 30000549429 20000515486 18000432095 20000347539 10000445695 20000515737 17000515548 17000306297 5000351276 10000516687 10000449534 20000528507 8000314504 5000361162 5000516981 5000370476 8000515853 5000495809 10000532128 3000532136 3000445750 2000445433 2000245214 45000547745 50000327093 45000208841 20000532531 30000344272 25000554029 25000365030 25000369386 20000509413 12000517220 30000277416 40000453756 20000516652 20000358746 2000336784 15000557698 10000557238 10000363926 10000513493 8000336783 5000249785 5000228371 10000557777 5000453640 5000557849 5000335405 5000282579 5000363796 5000513998 5000356019 2000315433 2000415691 10000478654 10000563719 10000297739 5000239579 5000563715 35000511820 30000563717 20000563718 15000563814 15000394995 10000487536 10000513314 10000392688 10000421268 10000456124 5000394104 5000556081 30000537352 25000547151 24000398727 20000515378 20000408213 20000425587 18000451627 15000367828 10000455873 10000451544 10000448205 30000449778 25000473277 25000407204 20000409475 10000556068 10000370470 10000339917 8000457567 8000274157 8000513389 15000569826 35000569496 35000569507 30000575256 25000575260 20000361178 10000513328 10000458175 10000456173 10000575259 10000575257 10000507822 10000410072 8000540723 10000508574 25000520999 30000456447 30000509381 10000569338 15000509541 10000339966 10000549418 10000507936 20000569676 10000210593 10000508198 10000508029 10000359090 10000359338 5000567829 35000569475 8000199521 2000277406 8000507887 12000457955 5000290505 5000246559 2000540827 5000567301 10000569396 10000507915 5000566389 5000268247 10000268239 2000340346 2000264893 2000568416 10000509678 50000346276 60000509861 20000572847 20000457573 15000505529 20000465118 20000354040 10000227337 10000323979 10000495990 10000497547 25000353988 20000370475 20000455011 20000465117 20000314313 30000341184 25000505548 25000295396 10000495788 20000495841 20000535536 20000578338 20000578116 15000578155 12000578451 10000578208 10000388154 10000545565 20000505524 8000295997 5000505619 5000578449 5000345695 5000346060 2000535843 12000242272 2000522282 2000290328 2000382412 2000535820 20000455813 15000537467 20000265996 20000353994 18000385433 18000415541 15000291702 10000290493 10000360493 20000385484 18000341010 18000416043 30000538334 20000502382 15000416276 12000315373 12000460440 5000410291 5000576224 30000528626 20000494167 20000575933 10000523455 20000379434 2000380740 2000383577 2000383195 2000542124 50000428851 35000459259 25000282785 10000404566 10000306516 10000583000 35000503748 10000523508 10000582955 10000463401 40000499005 40000579755 40000456127 39000414087 40000529096 40000443278 38000579783 38000579410 37000579872 35000419725 35000465122 35000579420 35000579812 35000435794 30000520920 30000392372 30000325285 25000393895 22000392374 20000248888 10000579757 25000333601 10000463175 10000579560 25000520771 10000325033 17000390980 10000498402 10000473851 30000582954 25000581376 25000586272 25000581192 30000463429 25000390855 25000390856 30000419409 25000581382 60000466303 30000315643 20000578114 50000578057 20000581375 30000355339 20000522070 30000243618 10000246633 15000390760 20000521846 18000262192 10000496246 20000416051 20000584783 15000520890 30000507690 15000491049 15000490777 12000520538 10000487539 10000460690 5000520722 30000520798 15000500349 10000501946 10000581199 10000499002 10000581365 10000522644 10000498553 10000563735 10000581394 10000445563 10000459109 10000345533 10000582959 10000581874 10000368032 10000588230 10000581457 10000416731 10000350942 10000581369 5000458600 5000316561 5000409742 5000360026 2000416000 5000445673 2000586356 45000404643 40000300936 40000367757 35000331338 30000345409 25000353634 25000353702 25000581877 40000499896 40000582170 22000582231 22000582980 25000404388 40000522256 40000581880 30000516850 5000500562 10000523484 10000522583 5000357108 5000300922 5000235229 5000323491 5000227591 5000581458 5000260297 5000287706 5000367756 5000240639 5000218590 5000200632 5000410387 5000583234 5000243779 5000263607 5000200215 5000522493 5000432552 5000345591 5000522558 5000523334 5000501976 5000500355 5000
509412 10000
516875 10000
520268 10000
275186 10000
245386 10000
542179 10000
594508 10000
405238 10000
535538 10000
346441 10000
538209 10000
341144 10000
576674 10000
503748 10000
582955 10000
501844 10000
581562 10000
581460 10000
345591 10000
522558 10000
500355 10000
542911 35000
545623 35000
516284 35000
586781 30000
592101 30000
586725 25000
575255 25000
515832 27000
520337 27000
399023 25000
593609 30000
451943 23000
365049 27000
596334 20000
518934 20000
443647 20000
292507 20000
601024 20000
483794 18000
344574 18000
542830 18000
344069 10000
591960 20000
358440 15000
211191 5000
