80837 8000
129083 6900
73858 3500
111697 6900
151730 7900
147636 7400
170897 5500
184220 45000
105154 7500
188225 7900
192790 16200
180484 10999
183830 16900
191900 10499
207372 10499
197273 12100
113847 3500
161313 3500
156004 7900
147147 8888
177196 8888
193158 10000
195440 8888
135326 6400
163060 7400
174639 5900
177476 14865
179812 10999
211293 13500
222470 12500
188967 7700
216852 15000
247077 30000
135539 19000
211294 16900
235000 20000
233314 20000
225264 10999
229210 13300
205786 5500
239890 13900
168623 13900
212243 13900
210934 16900
247005 25000
205534 13900
185954 13900
153848 10900
170679 14900
216855 17900
165683 13100
204823 7654
164295 7654
123685 7654
199647 7654
112172 8888
136174 9876
203457 20000
239719 20000
250137 19900
239917 9900
209469 9900
178485 9900
131419 9900
123312 9900
160304 9900
165354 7400
